Node 1 : [4 7 0 1 2 8 3 5 6]
Node 2 : [4 0 7 1 2 8 3 5 6]
Node 3 : [4 7 8 1 2 0 3 5 6]
Node 4 : [0 4 7 1 2 8 3 5 6]
Node 5 : [4 2 7 1 0 8 3 5 6]
Node 6 : [4 7 8 1 0 2 3 5 6]
Node 7 : [4 7 8 1 2 6 3 5 0]
Node 8 : [4 0 7 1 2 8 3 5 6]
Node 9 : [1 4 7 0 2 8 3 5 6]
Node 10 : [4 2 7 0 1 8 3 5 6]
Node 11 : [4 0 7 1 2 8 3 5 6]
Node 12 : [4 2 7 1 8 0 3 5 6]
Node 13 : [4 2 7 1 5 8 3 0 6]
Node 14 : [4 7 8 0 1 2 3 5 6]
Node 15 : [4 0 8 1 7 2 3 5 6]
Node 16 : [4 7 8 1 2 0 3 5 6]
Node 17 : [4 7 8 1 5 2 3 0 6]
Node 18 : [4 7 8 1 2 6 3 0 5]
Node 19 : [4 7 8 1 2 0 3 5 6]
Node 20 : [0 4 7 1 2 8 3 5 6]
Node 21 : [4 2 7 1 0 8 3 5 6]
Node 22 : [0 4 7 1 2 8 3 5 6]
Node 23 : [1 4 7 2 0 8 3 5 6]
Node 24 : [1 4 7 3 2 8 0 5 6]
Node 25 : [0 2 7 4 1 8 3 5 6]
Node 26 : [4 2 7 1 0 8 3 5 6]
Node 27 : [4 2 7 3 1 8 0 5 6]
Node 28 : [0 4 7 1 2 8 3 5 6]
Node 29 : [4 2 7 1 0 8 3 5 6]
Node 30 : [4 2 7 1 0 8 3 5 6]
Node 31 : [4 2 0 1 8 7 3 5 6]
Node 32 : [4 2 7 1 8 6 3 5 0]
Node 33 : [4 2 7 1 5 8 0 3 6]
Node 34 : [4 2 7 1 0 8 3 5 6]
Node 35 : [4 2 7 1 5 8 3 6 0]
Node 36 : [0 7 8 4 1 2 3 5 6]
Node 37 : [4 7 8 1 0 2 3 5 6]
Node 38 : [4 7 8 3 1 2 0 5 6]
Node 39 : [0 4 8 1 7 2 3 5 6]
Node 40 : [4 8 0 1 7 2 3 5 6]
Node 41 : [4 7 8 1 0 2 3 5 6]
Node 42 : [4 7 8 1 0 2 3 5 6]
Node 43 : [4 7 8 1 2 6 3 5 0]
Node 44 : [4 7 8 1 5 2 0 3 6]
Node 45 : [4 7 8 1 0 2 3 5 6]
Node 46 : [4 7 8 1 5 2 3 6 0]
Node 47 : [4 7 8 1 2 6 0 3 5]
Node 48 : [4 7 8 1 0 6 3 2 5]
Node 49 : [4 7 8 1 2 6 3 5 0]
Node 50 : [4 7 8 1 0 2 3 5 6]
Node 51 : [4 7 8 1 2 6 3 5 0]
Node 52 : [4 0 7 1 2 8 3 5 6]
Node 53 : [1 4 7 0 2 8 3 5 6]
Node 54 : [4 2 7 0 1 8 3 5 6]
Node 55 : [4 0 7 1 2 8 3 5 6]
Node 56 : [4 2 7 1 8 0 3 5 6]
Node 57 : [4 2 7 1 5 8 3 0 6]
Node 58 : [4 0 7 1 2 8 3 5 6]
Node 59 : [1 4 7 0 2 8 3 5 6]
Node 60 : [1 4 7 0 2 8 3 5 6]
Node 61 : [1 0 7 2 4 8 3 5 6]
Node 62 : [1 4 7 2 8 0 3 5 6]
Node 63 : [1 4 7 2 5 8 3 0 6]
Node 64 : [1 4 7 0 2 8 3 5 6]
Node 65 : [1 4 7 3 2 8 5 0 6]
Node 66 : [2 0 7 4 1 8 3 5 6]
Node 67 : [4 2 7 0 1 8 3 5 6]
Node 68 : [4 2 7 0 1 8 3 5 6]
Node 69 : [4 0 7 1 2 8 3 5 6]
Node 70 : [4 2 7 1 8 0 3 5 6]
Node 71 : [4 2 7 1 5 8 3 0 6]
Node 72 : [4 2 7 0 1 8 3 5 6]
Node 73 : [4 2 7 3 1 8 5 0 6]
Node 74 : [4 0 7 1 2 8 3 5 6]
Node 75 : [1 4 7 0 2 8 3 5 6]
Node 76 : [4 2 7 0 1 8 3 5 6]
Node 77 : [4 0 7 1 2 8 3 5 6]
Node 78 : [4 2 7 1 8 0 3 5 6]
Node 79 : [4 2 7 1 5 8 3 0 6]
Node 80 : [4 2 7 0 1 8 3 5 6]
Node 81 : [4 0 7 1 2 8 3 5 6]
Node 82 : [4 2 7 1 8 0 3 5 6]
Node 83 : [4 2 7 1 5 8 3 0 6]
Node 84 : [4 0 2 1 8 7 3 5 6]
Node 85 : [4 2 7 1 8 0 3 5 6]
Node 86 : [4 2 7 1 8 6 3 0 5]
Node 87 : [4 2 7 1 8 0 3 5 6]
Node 88 : [4 2 7 0 5 8 1 3 6]
Node 89 : [4 2 7 1 5 8 3 0 6]
Node 90 : [4 2 7 0 1 8 3 5 6]
Node 91 : [4 0 7 1 2 8 3 5 6]
Node 92 : [4 2 7 1 8 0 3 5 6]
Node 93 : [4 2 7 1 5 8 3 0 6]
Node 94 : [4 2 7 1 5 8 3 0 6]
Node 95 : [4 2 7 1 5 0 3 6 8]
Node 96 : [7 0 8 4 1 2 3 5 6]
Node 97 : [4 7 8 0 1 2 3 5 6]
Node 98 : [4 7 8 0 1 2 3 5 6]
Node 99 : [4 0 8 1 7 2 3 5 6]
Node 100 : [4 7 8 1 2 0 3 5 6]
Node 101 : [4 7 8 1 5 2 3 0 6]
Node 102 : [4 7 8 0 1 2 3 5 6]
Node 103 : [4 7 8 3 1 2 5 0 6]
Node 104 : [4 0 8 1 7 2 3 5 6]
Node 105 : [1 4 8 0 7 2 3 5 6]
Node 106 : [4 0 8 1 7 2 3 5 6]
Node 107 : [4 8 2 1 7 0 3 5 6]
Node 108 : [4 7 8 0 1 2 3 5 6]
Node 109 : [4 0 8 1 7 2 3 5 6]
Node 110 : [4 7 8 1 2 0 3 5 6]
Node 111 : [4 7 8 1 5 2 3 0 6]
Node 112 : [4 7 8 0 1 2 3 5 6]
Node 113 : [4 0 8 1 7 2 3 5 6]
Node 114 : [4 7 8 1 2 0 3 5 6]
Node 115 : [4 7 8 1 5 2 3 0 6]
Node 116 : [4 7 8 1 2 6 3 0 5]
Node 117 : [4 7 8 1 2 0 3 5 6]
Node 118 : [4 7 8 0 5 2 1 3 6]
Node 119 : [4 7 8 1 5 2 3 0 6]
Node 120 : [4 7 8 0 1 2 3 5 6]
Node 121 : [4 0 8 1 7 2 3 5 6]
Node 122 : [4 7 8 1 2 0 3 5 6]
Node 123 : [4 7 8 1 5 2 3 0 6]
Node 124 : [4 7 8 1 5 2 3 0 6]
Node 125 : [4 7 8 1 5 0 3 6 2]
Node 126 : [4 7 8 0 2 6 1 3 5]
Node 127 : [4 7 8 1 2 6 3 0 5]
Node 128 : [4 7 8 0 1 6 3 2 5]
Node 129 : [4 0 8 1 7 6 3 2 5]
Node 130 : [4 7 8 1 6 0 3 2 5]
Node 131 : [4 7 8 1 2 6 3 0 5]
Node 132 : [4 7 8 1 2 6 3 0 5]
Node 133 : [4 7 8 1 2 0 3 5 6]
Node 134 : [4 7 8 0 1 2 3 5 6]
Node 135 : [4 0 8 1 7 2 3 5 6]
Node 136 : [4 7 8 1 2 0 3 5 6]
Node 137 : [4 7 8 1 5 2 3 0 6]
Node 138 : [4 7 8 1 2 6 3 0 5]
Node 139 : [4 7 8 1 2 0 3 5 6]
Node 140 : [0 4 7 1 2 8 3 5 6]
Node 141 : [4 2 7 1 0 8 3 5 6]
Node 142 : [0 4 7 1 2 8 3 5 6]
Node 143 : [1 4 7 2 0 8 3 5 6]
Node 144 : [1 4 7 3 2 8 0 5 6]
Node 145 : [0 2 7 4 1 8 3 5 6]
Node 146 : [4 2 7 1 0 8 3 5 6]
Node 147 : [4 2 7 3 1 8 0 5 6]
Node 148 : [0 4 7 1 2 8 3 5 6]
Node 149 : [4 2 7 1 0 8 3 5 6]
Node 150 : [4 2 7 1 0 8 3 5 6]
Node 151 : [4 2 0 1 8 7 3 5 6]
Node 152 : [4 2 7 1 8 6 3 5 0]
Node 153 : [4 2 7 1 5 8 0 3 6]
Node 154 : [4 2 7 1 0 8 3 5 6]
Node 155 : [4 2 7 1 5 8 3 6 0]
Node 156 : [0 4 7 1 2 8 3 5 6]
Node 157 : [4 2 7 1 0 8 3 5 6]
Node 158 : [0 4 7 1 2 8 3 5 6]
Node 159 : [1 4 7 2 0 8 3 5 6]
Node 160 : [1 4 7 3 2 8 0 5 6]
Node 161 : [0 4 7 1 2 8 3 5 6]
Node 162 : [1 4 7 2 0 8 3 5 6]
Node 163 : [1 4 7 3 2 8 0 5 6]
Node 164 : [0 1 7 2 4 8 3 5 6]
Node 165 : [1 7 0 2 4 8 3 5 6]
Node 166 : [1 4 7 2 0 8 3 5 6]
Node 167 : [1 4 7 2 0 8 3 5 6]
Node 168 : [1 4 0 2 8 7 3 5 6]
Node 169 : [1 4 7 2 8 6 3 5 0]
Node 170 : [1 4 7 2 5 8 0 3 6]
Node 171 : [1 4 7 2 0 8 3 5 6]
Node 172 : [1 4 7 2 5 8 3 6 0]
Node 173 : [0 4 7 1 2 8 3 5 6]
Node 174 : [1 4 7 2 0 8 3 5 6]
Node 175 : [1 4 7 3 2 8 0 5 6]
Node 176 : [1 4 7 3 2 8 0 5 6]
Node 177 : [1 4 7 3 0 8 5 2 6]
Node 178 : [1 4 7 3 2 8 5 6 0]
Node 179 : [0 2 7 4 1 8 3 5 6]
Node 180 : [2 7 0 4 1 8 3 5 6]
Node 181 : [2 1 7 4 0 8 3 5 6]
Node 182 : [0 2 7 4 1 8 3 5 6]
Node 183 : [4 2 7 1 0 8 3 5 6]
Node 184 : [4 2 7 3 1 8 0 5 6]
Node 185 : [0 2 7 4 1 8 3 5 6]
Node 186 : [4 2 7 1 0 8 3 5 6]
Node 187 : [4 2 7 3 1 8 0 5 6]
Node 188 : [0 4 7 1 2 8 3 5 6]
Node 189 : [4 2 7 1 0 8 3 5 6]
Node 190 : [4 2 7 1 0 8 3 5 6]
Node 191 : [4 2 0 1 8 7 3 5 6]
Node 192 : [4 2 7 1 8 6 3 5 0]
Node 193 : [4 2 7 1 5 8 0 3 6]
Node 194 : [4 2 7 1 0 8 3 5 6]
Node 195 : [4 2 7 1 5 8 3 6 0]
Node 196 : [0 2 7 4 1 8 3 5 6]
Node 197 : [4 2 7 1 0 8 3 5 6]
Node 198 : [4 2 7 3 1 8 0 5 6]
Node 199 : [4 2 7 3 1 8 0 5 6]
Node 200 : [4 2 7 3 0 8 5 1 6]
Node 201 : [4 2 7 3 1 8 5 6 0]
Node 202 : [0 4 7 1 2 8 3 5 6]
Node 203 : [4 2 7 1 0 8 3 5 6]
Node 204 : [0 4 7 1 2 8 3 5 6]
Node 205 : [1 4 7 2 0 8 3 5 6]
Node 206 : [1 4 7 3 2 8 0 5 6]
Node 207 : [0 2 7 4 1 8 3 5 6]
Node 208 : [4 2 7 1 0 8 3 5 6]
Node 209 : [4 2 7 3 1 8 0 5 6]
Node 210 : [0 4 7 1 2 8 3 5 6]
Node 211 : [4 2 7 1 0 8 3 5 6]
Node 212 : [4 2 7 1 0 8 3 5 6]
Node 213 : [4 2 0 1 8 7 3 5 6]
Node 214 : [4 2 7 1 8 6 3 5 0]
Node 215 : [4 2 7 1 5 8 0 3 6]
Node 216 : [4 2 7 1 0 8 3 5 6]
Node 217 : [4 2 7 1 5 8 3 6 0]
Node 218 : [0 2 7 4 1 8 3 5 6]
Node 219 : [4 2 7 1 0 8 3 5 6]
Node 220 : [4 2 7 3 1 8 0 5 6]
Node 221 : [0 4 7 1 2 8 3 5 6]
Node 222 : [4 2 7 1 0 8 3 5 6]
Node 223 : [4 2 7 1 0 8 3 5 6]
Node 224 : [4 2 0 1 8 7 3 5 6]
Node 225 : [4 2 7 1 8 6 3 5 0]
Node 226 : [4 2 7 1 5 8 0 3 6]
Node 227 : [4 2 7 1 0 8 3 5 6]
Node 228 : [4 2 7 1 5 8 3 6 0]
Node 229 : [0 4 2 1 8 7 3 5 6]
Node 230 : [4 2 0 1 8 7 3 5 6]
Node 231 : [4 8 2 1 0 7 3 5 6]
Node 232 : [4 2 7 1 0 8 3 5 6]
Node 233 : [4 2 0 1 8 7 3 5 6]
Node 234 : [4 2 7 1 8 6 3 5 0]
Node 235 : [4 2 7 1 8 6 0 3 5]
Node 236 : [4 2 7 1 0 6 3 8 5]
Node 237 : [4 2 7 1 8 6 3 5 0]
Node 238 : [4 2 7 1 0 8 3 5 6]
Node 239 : [4 2 0 1 8 7 3 5 6]
Node 240 : [4 2 7 1 8 6 3 5 0]
Node 241 : [0 2 7 4 5 8 1 3 6]
Node 242 : [4 2 7 5 0 8 1 3 6]
Node 243 : [4 2 7 1 5 8 0 3 6]
Node 244 : [4 2 7 1 5 8 0 3 6]
Node 245 : [4 2 7 1 0 8 3 5 6]
Node 246 : [4 2 7 1 5 8 3 6 0]
Node 247 : [0 2 7 4 1 8 3 5 6]
Node 248 : [4 2 7 1 0 8 3 5 6]
Node 249 : [4 2 7 3 1 8 0 5 6]
Node 250 : [0 4 7 1 2 8 3 5 6]
Node 251 : [4 2 7 1 0 8 3 5 6]
Node 252 : [4 2 7 1 0 8 3 5 6]
Node 253 : [4 2 0 1 8 7 3 5 6]
Node 254 : [4 2 7 1 8 6 3 5 0]
Node 255 : [4 2 7 1 5 8 0 3 6]
Node 256 : [4 2 7 1 0 8 3 5 6]
Node 257 : [4 2 7 1 5 8 3 6 0]
Node 258 : [4 2 7 1 5 8 0 3 6]
Node 259 : [4 2 7 1 0 8 3 5 6]
Node 260 : [4 2 7 1 5 8 3 6 0]
Node 261 : [4 2 7 1 0 5 3 6 8]
Node 262 : [4 2 0 1 5 7 3 6 8]
Node 263 : [4 2 7 1 5 8 3 6 0]
Node 264 : [0 7 8 4 1 2 3 5 6]
Node 265 : [7 8 0 4 1 2 3 5 6]
Node 266 : [7 1 8 4 0 2 3 5 6]
Node 267 : [0 7 8 4 1 2 3 5 6]
Node 268 : [4 7 8 1 0 2 3 5 6]
Node 269 : [4 7 8 3 1 2 0 5 6]
Node 270 : [0 7 8 4 1 2 3 5 6]
Node 271 : [4 7 8 1 0 2 3 5 6]
Node 272 : [4 7 8 3 1 2 0 5 6]
Node 273 : [0 4 8 1 7 2 3 5 6]
Node 274 : [4 8 0 1 7 2 3 5 6]
Node 275 : [4 7 8 1 0 2 3 5 6]
Node 276 : [4 7 8 1 0 2 3 5 6]
Node 277 : [4 7 8 1 2 6 3 5 0]
Node 278 : [4 7 8 1 5 2 0 3 6]
Node 279 : [4 7 8 1 0 2 3 5 6]
Node 280 : [4 7 8 1 5 2 3 6 0]
Node 281 : [0 7 8 4 1 2 3 5 6]
Node 282 : [4 7 8 1 0 2 3 5 6]
Node 283 : [4 7 8 3 1 2 0 5 6]
Node 284 : [4 7 8 3 1 2 0 5 6]
Node 285 : [4 7 8 3 0 2 5 1 6]
Node 286 : [4 7 8 3 1 2 5 6 0]
Node 287 : [0 4 8 1 7 2 3 5 6]
Node 288 : [4 8 0 1 7 2 3 5 6]
Node 289 : [4 7 8 1 0 2 3 5 6]
Node 290 : [0 4 8 1 7 2 3 5 6]
Node 291 : [1 4 8 7 0 2 3 5 6]
Node 292 : [1 4 8 3 7 2 0 5 6]
Node 293 : [0 4 8 1 7 2 3 5 6]
Node 294 : [4 8 0 1 7 2 3 5 6]
Node 295 : [4 7 8 1 0 2 3 5 6]
Node 296 : [4 8 2 1 0 7 3 5 6]
Node 297 : [4 8 0 1 7 2 3 5 6]
Node 298 : [4 8 2 1 7 6 3 5 0]
Node 299 : [0 7 8 4 1 2 3 5 6]
Node 300 : [4 7 8 1 0 2 3 5 6]
Node 301 : [4 7 8 3 1 2 0 5 6]
Node 302 : [0 4 8 1 7 2 3 5 6]
Node 303 : [4 8 0 1 7 2 3 5 6]
Node 304 : [4 7 8 1 0 2 3 5 6]
Node 305 : [4 7 8 1 0 2 3 5 6]
Node 306 : [4 7 8 1 2 6 3 5 0]
Node 307 : [4 7 8 1 5 2 0 3 6]
Node 308 : [4 7 8 1 0 2 3 5 6]
Node 309 : [4 7 8 1 5 2 3 6 0]
Node 310 : [0 7 8 4 1 2 3 5 6]
Node 311 : [4 7 8 1 0 2 3 5 6]
Node 312 : [4 7 8 3 1 2 0 5 6]
Node 313 : [0 4 8 1 7 2 3 5 6]
Node 314 : [4 8 0 1 7 2 3 5 6]
Node 315 : [4 7 8 1 0 2 3 5 6]
Node 316 : [4 7 8 1 0 2 3 5 6]
Node 317 : [4 7 8 1 2 6 3 5 0]
Node 318 : [4 7 8 1 5 2 0 3 6]
Node 319 : [4 7 8 1 0 2 3 5 6]
Node 320 : [4 7 8 1 5 2 3 6 0]
Node 321 : [4 7 8 1 2 6 0 3 5]
Node 322 : [4 7 8 1 0 6 3 2 5]
Node 323 : [4 7 8 1 2 6 3 5 0]
Node 324 : [4 7 8 1 0 2 3 5 6]
Node 325 : [4 7 8 1 2 6 3 5 0]
Node 326 : [0 7 8 4 5 2 1 3 6]
Node 327 : [4 7 8 5 0 2 1 3 6]
Node 328 : [4 7 8 1 5 2 0 3 6]
Node 329 : [4 7 8 1 5 2 0 3 6]
Node 330 : [4 7 8 1 0 2 3 5 6]
Node 331 : [4 7 8 1 5 2 3 6 0]
Node 332 : [0 7 8 4 1 2 3 5 6]
Node 333 : [4 7 8 1 0 2 3 5 6]
Node 334 : [4 7 8 3 1 2 0 5 6]
Node 335 : [0 4 8 1 7 2 3 5 6]
Node 336 : [4 8 0 1 7 2 3 5 6]
Node 337 : [4 7 8 1 0 2 3 5 6]
Node 338 : [4 7 8 1 0 2 3 5 6]
Node 339 : [4 7 8 1 2 6 3 5 0]
Node 340 : [4 7 8 1 5 2 0 3 6]
Node 341 : [4 7 8 1 0 2 3 5 6]
Node 342 : [4 7 8 1 5 2 3 6 0]
Node 343 : [4 7 8 1 5 2 0 3 6]
Node 344 : [4 7 8 1 0 2 3 5 6]
Node 345 : [4 7 8 1 5 2 3 6 0]
Node 346 : [4 7 8 1 0 5 3 6 2]
Node 347 : [4 7 0 1 5 8 3 6 2]
Node 348 : [4 7 8 1 5 2 3 6 0]
Node 349 : [0 7 8 4 2 6 1 3 5]
Node 350 : [4 7 8 2 0 6 1 3 5]
Node 351 : [4 7 8 1 2 6 0 3 5]
Node 352 : [4 7 8 1 2 6 0 3 5]
Node 353 : [4 7 8 1 0 6 3 2 5]
Node 354 : [4 7 8 1 2 6 3 5 0]
Node 355 : [0 7 8 4 1 6 3 2 5]
Node 356 : [4 7 8 1 0 6 3 2 5]
Node 357 : [4 7 8 3 1 6 0 2 5]
Node 358 : [0 4 8 1 7 6 3 2 5]
Node 359 : [4 8 0 1 7 6 3 2 5]
Node 360 : [4 7 8 1 0 6 3 2 5]
Node 361 : [4 7 8 1 0 6 3 2 5]
Node 362 : [4 7 0 1 6 8 3 2 5]
Node 363 : [4 7 8 1 6 5 3 2 0]
Node 364 : [4 7 8 1 2 6 0 3 5]
Node 365 : [4 7 8 1 0 6 3 2 5]
Node 366 : [4 7 8 1 2 6 3 5 0]
Node 367 : [4 7 8 1 2 6 0 3 5]
Node 368 : [4 7 8 1 0 6 3 2 5]
Node 369 : [4 7 8 1 2 6 3 5 0]
Node 370 : [4 7 8 1 0 2 3 5 6]
Node 371 : [4 7 8 1 2 6 3 5 0]
Node 372 : [0 7 8 4 1 2 3 5 6]
Node 373 : [4 7 8 1 0 2 3 5 6]
Node 374 : [4 7 8 3 1 2 0 5 6]
Node 375 : [0 4 8 1 7 2 3 5 6]
Node 376 : [4 8 0 1 7 2 3 5 6]
Node 377 : [4 7 8 1 0 2 3 5 6]
Node 378 : [4 7 8 1 0 2 3 5 6]
Node 379 : [4 7 8 1 2 6 3 5 0]
Node 380 : [4 7 8 1 5 2 0 3 6]
Node 381 : [4 7 8 1 0 2 3 5 6]
Node 382 : [4 7 8 1 5 2 3 6 0]
Node 383 : [4 7 8 1 2 6 0 3 5]
Node 384 : [4 7 8 1 0 6 3 2 5]
Node 385 : [4 7 8 1 2 6 3 5 0]
Node 386 : [4 7 8 1 0 2 3 5 6]
Node 387 : [4 7 8 1 2 6 3 5 0]
Node 388 : [4 0 7 1 2 8 3 5 6]
Node 389 : [1 4 7 0 2 8 3 5 6]
Node 390 : [4 2 7 0 1 8 3 5 6]
Node 391 : [4 0 7 1 2 8 3 5 6]
Node 392 : [4 2 7 1 8 0 3 5 6]
Node 393 : [4 2 7 1 5 8 3 0 6]
Node 394 : [4 0 7 1 2 8 3 5 6]
Node 395 : [1 4 7 0 2 8 3 5 6]
Node 396 : [1 4 7 0 2 8 3 5 6]
Node 397 : [1 0 7 2 4 8 3 5 6]
Node 398 : [1 4 7 2 8 0 3 5 6]
Node 399 : [1 4 7 2 5 8 3 0 6]
Node 400 : [1 4 7 0 2 8 3 5 6]
Node 401 : [1 4 7 3 2 8 5 0 6]
Node 402 : [2 0 7 4 1 8 3 5 6]
Node 403 : [4 2 7 0 1 8 3 5 6]
Node 404 : [4 2 7 0 1 8 3 5 6]
Node 405 : [4 0 7 1 2 8 3 5 6]
Node 406 : [4 2 7 1 8 0 3 5 6]
Node 407 : [4 2 7 1 5 8 3 0 6]
Node 408 : [4 2 7 0 1 8 3 5 6]
Node 409 : [4 2 7 3 1 8 5 0 6]
Node 410 : [4 0 7 1 2 8 3 5 6]
Node 411 : [1 4 7 0 2 8 3 5 6]
Node 412 : [4 2 7 0 1 8 3 5 6]
Node 413 : [4 0 7 1 2 8 3 5 6]
Node 414 : [4 2 7 1 8 0 3 5 6]
Node 415 : [4 2 7 1 5 8 3 0 6]
Node 416 : [4 2 7 0 1 8 3 5 6]
Node 417 : [4 0 7 1 2 8 3 5 6]
Node 418 : [4 2 7 1 8 0 3 5 6]
Node 419 : [4 2 7 1 5 8 3 0 6]
Node 420 : [4 0 2 1 8 7 3 5 6]
Node 421 : [4 2 7 1 8 0 3 5 6]
Node 422 : [4 2 7 1 8 6 3 0 5]
Node 423 : [4 2 7 1 8 0 3 5 6]
Node 424 : [4 2 7 0 5 8 1 3 6]
Node 425 : [4 2 7 1 5 8 3 0 6]
Node 426 : [4 2 7 0 1 8 3 5 6]
Node 427 : [4 0 7 1 2 8 3 5 6]
Node 428 : [4 2 7 1 8 0 3 5 6]
Node 429 : [4 2 7 1 5 8 3 0 6]
Node 430 : [4 2 7 1 5 8 3 0 6]
Node 431 : [4 2 7 1 5 0 3 6 8]
Node 432 : [4 0 7 1 2 8 3 5 6]
Node 433 : [1 4 7 0 2 8 3 5 6]
Node 434 : [4 2 7 0 1 8 3 5 6]
Node 435 : [4 0 7 1 2 8 3 5 6]
Node 436 : [4 2 7 1 8 0 3 5 6]
Node 437 : [4 2 7 1 5 8 3 0 6]
Node 438 : [4 0 7 1 2 8 3 5 6]
Node 439 : [1 4 7 0 2 8 3 5 6]
Node 440 : [1 4 7 0 2 8 3 5 6]
Node 441 : [1 0 7 2 4 8 3 5 6]
Node 442 : [1 4 7 2 8 0 3 5 6]
Node 443 : [1 4 7 2 5 8 3 0 6]
Node 444 : [1 4 7 0 2 8 3 5 6]
Node 445 : [1 4 7 3 2 8 5 0 6]
Node 446 : [4 0 7 1 2 8 3 5 6]
Node 447 : [1 4 7 0 2 8 3 5 6]
Node 448 : [1 4 7 0 2 8 3 5 6]
Node 449 : [1 0 7 2 4 8 3 5 6]
Node 450 : [1 4 7 2 8 0 3 5 6]
Node 451 : [1 4 7 2 5 8 3 0 6]
Node 452 : [1 4 7 0 2 8 3 5 6]
Node 453 : [1 4 7 3 2 8 5 0 6]
Node 454 : [1 0 7 2 4 8 3 5 6]
Node 455 : [2 1 7 0 4 8 3 5 6]
Node 456 : [1 0 7 2 4 8 3 5 6]
Node 457 : [1 7 8 2 4 0 3 5 6]
Node 458 : [1 4 7 0 2 8 3 5 6]
Node 459 : [1 0 7 2 4 8 3 5 6]
Node 460 : [1 4 7 2 8 0 3 5 6]
Node 461 : [1 4 7 2 5 8 3 0 6]
Node 462 : [1 4 7 0 2 8 3 5 6]
Node 463 : [1 0 7 2 4 8 3 5 6]
Node 464 : [1 4 7 2 8 0 3 5 6]
Node 465 : [1 4 7 2 5 8 3 0 6]
Node 466 : [1 0 4 2 8 7 3 5 6]
Node 467 : [1 4 7 2 8 0 3 5 6]
Node 468 : [1 4 7 2 8 6 3 0 5]
Node 469 : [1 4 7 2 8 0 3 5 6]
Node 470 : [1 4 7 0 5 8 2 3 6]
Node 471 : [1 4 7 2 5 8 3 0 6]
Node 472 : [1 4 7 0 2 8 3 5 6]
Node 473 : [1 0 7 2 4 8 3 5 6]
Node 474 : [1 4 7 2 8 0 3 5 6]
Node 475 : [1 4 7 2 5 8 3 0 6]
Node 476 : [1 4 7 2 5 8 3 6 0]
